32 4 50 50
33 5 50 50
34 6 50 50
35 7 50 50
36 8 50 50
37 4 51 51
38 5 51 51
39 4 51 51
40 5 51 51
41 4 51 51
42 5 51 51
43 4 51 51
44 5 51 51
45 4 51 51
46 5 51 51
47 4 51 51
48 5 51 51
49 4 51 51
50 5 51 51
51 4 51 51
52 5 51 51
53 4 51 51
54 5 51 51
55 4 51 51
56 5 51 51
57 4 51 51
58 5 51 51
59 4 51 51
60 5 51 51
61 4 51 51
62 5 51 51
63 4 51 51
64 5 51 51
65 4 51 51
66 5 51 51
67 4 51 51
68 5 51 51
69 4 51 51
70 5 51 51
71 4 51 51
72 5 51 51
73 4 51 51
74 5 51 51
75 4 51 51
76 5 51 51
77 4 51 51
78 5 51 51
79 4 51 51
80 5 51 51
81 4 51 51
82 5 51 51
82 4 51 51
82 6 52 52
83 7 52 52
84 6 52 52
85 7 52 52
86 6 52 52
87 7 52 52
88 6 52 52
89 7 52 52
90 6 52 52
91 7 52 52
92 6 52 52
93 7 52 52
94 6 52 52
95 7 52 52
96 6 52 52
97 7 52 52
98 6 52 52
99 7 52 52
100 6 52 52
101 7 52 52
102 6 52 52
103 7 52 52
104 6 52 52
105 7 52 52
106 6 52 52
107 7 52 52
108 6 52 52
109 7 52 52
110 6 52 52
111 7 52 52
112 6 52 52
113 7 52 52
114 6 52 52
115 7 52 52
116 6 52 52
117 7 52 52
118 6 52 52
119 7 52 52
120 6 52 52
121 7 52 52
122 6 52 52
123 7 52 52
124 6 52 52
125 7 52 52
126 6 52 52
127 7 52 52
127 6 52 52
127 8 53 53
128 8 53 53
129 8 53 53
130 8 53 53
131 8 53 53
132 8 53 53
133 8 53 53
134 8 53 53
135 8 53 53
136 8 53 53
137 8 53 53
138 8 53 53
139 8 53 53
140 8 53 53
141 8 53 53
142 8 53 53
143 8 53 53
144 8 53 53
145 8 53 53
146 8 53 53
147 8 53 53
148 8 53 53
149 8 53 53
150 8 53 53