119 4 50 50
119 5 50 50
119 6 50 50
119 7 50 50
119 8 50 50
119 9 50 50
120 4 25 25
120 5 25 25
120 6 25 25
120 7 25 25
120 8 25 25
120 10 50 50
121 4 25 25
121 5 25 25
121 6 25 25
121 7 25 25
121 8 25 25
121 11 50 50
122 4 25 25
122 5 25 25
122 6 25 25
122 7 25 25
122 8 25 25
122 12 50 50
123 4 25 25
123 5 25 25
123 6 25 25
123 7 25 25
123 8 25 25
123 13 50 50
124 4 25 25
124 5 25 25
124 6 25 25
124 7 25 25
124 8 25 25
124 9 50 50
125 4 25 25
125 5 25 25
125 6 25 25
125 7 25 25
125 8 25 25
125 10 50 50
126 4 25 25
126 5 25 25
126 6 25 25
126 7 25 25
126 8 25 25
126 11 50 50
127 4 25 25
127 5 25 25
127 6 25 25
127 7 25 25
127 8 25 25
127 12 50 50
128 4 25 25
128 5 25 25
128 6 25 25
128 7 25 25
128 8 25 25
128 13 50 50
129 4 25 25
129 5 25 25
129 6 25 25
129 7 25 25
129 8 25 25
129 9 50 50
130 4 25 25
130 5 25 25
130 6 25 25
130 7 25 25
130 8 25 25
130 10 50 50
131 4 25 25
131 5 25 25
131 6 25 25
131 7 25 25
131 8 25 25
131 11 50 50
132 4 25 25
132 5 25 25
132 6 25 25
132 7 25 25
132 8 25 25
132 12 50 50
133 4 25 25
133 5 25 25
133 6 25 25
133 7 25 25
133 8 25 25
133 13 50 50
134 4 25 25
134 5 25 25
134 6 25 25
134 7 25 25
134 8 25 25
134 9 50 50
135 4 25 25
135 5 25 25
135 6 25 25
135 7 25 25
135 8 25 25
135 10 50 50
136 4 25 25
136 5 25 25
136 6 25 25
136 7 25 25
136 8 25 25
136 11 50 50
137 4 25 25
137 5 25 25
137 6 25 25
137 7 25 25
137 8 25 25
137 12 50 50
138 4 25 25
138 5 25 25
138 6 25 25
138 7 25 25
138 8 25 25
138 13 50 50
139 4 25 25
139 5 25 25
139 6 25 25
139 7 25 25
139 8 25 25
139 9 50 50
140 4 25 25
140 5 25 25
140 6 25 25
140 7 25 25
140 8 25 25
140 10 50 50
141 4 25 25
141 5 25 25
141 6 25 25
141 7 25 25
141 8 25 25
141 11 50 50
142 4 25 25
142 5 25 25
142 6 25 25
142 7 25 25
142 8 25 25
142 12 50 50
143 4 25 25
143 5 25 25
143 6 25 25
143 7 25 25
143 8 25 25
143 13 50 50
144 4 25 25
144 5 25 25
144 6 25 25
144 7 25 25
144 8 25 25
144 9 50 50
145 4 25 25
145 5 25 25
145 6 25 25
145 7 25 25
145 8 25 25
145 10 50 50
146 4 25 25
146 5 25 25
146 6 25 25
146 7 25 25
146 8 25 25
146 11 50 50
147 4 25 25
147 5 25 25
147 6 25 25
147 7 25 25
147 8 25 25
147 12 50 50
148 4 25 25
148 5 25 25
148 6 25 25
148 7 25 25
148 8 25 25
148 13 50 50
149 4 25 25
149 5 25 25
149 6 25 25
149 7 25 25
149 8 25 25
149 9 50 50
150 4 25 25
150 5 25 25
150 6 25 25
150 7 25 25
150 8 25 25
150 10 50 50
151 4 25 25
151 5 25 25
151 6 25 25
151 7 25 25
151 8 25 25
151 11 50 50
152 4 25 25
152 5 25 25
152 6 25 25
152 7 25 25
152 8 25 25
152 12 50 50
153 4 25 25
153 5 25 25
153 6 25 25
153 7 25 25
153 8 25 25
153 13 50 50
154 4 25 25
154 5 25 25
154 6 25 25
154 7 25 25
154 8 25 25
154 9 50 50
155 4 25 25
155 5 25 25
155 6 25 25
155 7 25 25
155 8 25 25
155 10 50 50
156 4 25 25
156 5 25 25
156 6 25 25
156 7 25 25
156 8 25 25
156 11 50 50
157 4 25 25
157 5 25 25
157 6 25 25
157 7 25 25
157 8 25 25
157 12 50 50
158 4 25 25
158 5 25 25
158 6 25 25
158 7 25 25
158 8 25 25
158 13 50 50
159 4 25 25
159 5 25 25
159 6 25 25
159 7 25 25
159 8 25 25
159 9 50 50
160 4 25 25
160 5 25 25
160 6 25 25
160 7 25 25
160 8 25 25
160 10 50 50
161 4 25 25
161 5 25 25
161 6 25 25
161 7 25 25
161 8 25 25
161 11 50 50
162 4 25 25
162 5 25 25
162 6 25 25
162 7 25 25
162 8 25 25
162 12 50 50
163 4 25 25
163 5 25 25
163 6 25 25
163 7 25 25
163 8 25 25
163 13 50 50
164 4 25 25
164 5 25 25
164 6 25 25
164 7 25 25
164 8 25 25
164 9 50 50
165 4 25 25
165 5 25 25
165 6 25 25
165 7 25 25
165 8 25 25
165 10 50 50
166 4 25 25
166 5 25 25
166 6 25 25
166 7 25 25
166 8 25 25
166 11 50 50
167 4 25 25
167 5 25 25
167 6 25 25
167 7 25 25
167 8 25 25
167 12 50 50
168 4 25 25
168 5 25 25
168 6 25 25
168 7 25 25
168 8 25 25
168 13 50 50
169 4 25 25
169 5 25 25
169 6 25 25
169 7 25 25
169 8 25 25
169 9 50 50
170 4 25 25
170 5 25 25
170 6 25 25
170 7 25 25
170 8 25 25
170 10 50 50
171 4 25 25
171 5 25 25
171 6 25 25
171 7 25 25
171 8 25 25
171 11 50 50
172 4 25 25
172 5 25 25
172 6 25 25
172 7 25 25
172 8 25 25
172 12 50 50
173 4 25 25
173 5 25 25
173 6 25 25
173 7 25 25
173 8 25 25
173 13 50 50
174 4 25 25
174 5 25 25
174 6 25 25
174 7 25 25
174 8 25 25
174 9 50 50
175 4 25 25
175 5 25 25
175 6 25 25
175 7 25 25
175 8 25 25
175 10 50 50
176 4 25 25
176 5 25 25
176 6 25 25
176 7 25 25
176 8 25 25
176 11 50 50
177 4 25 25
177 5 25 25
177 6 25 25
177 7 25 25
177 8 25 25
177 12 50 50
178 4 25 25
178 5 25 25
178 6 25 25
178 7 25 25
178 8 25 25
178 13 50 50
179 4 25 25
179 5 25 25
179 6 25 25
179 7 25 25
179 8 25 25
179 9 50 50
180 4 25 25
180 5 25 25
180 6 25 25
180 7 25 25
180 8 25 25
180 10 50 50
181 4 25 25
181 5 25 25
181 6 25 25
181 7 25 25
181 8 25 25
181 11 50 50
182 4 25 25
182 5 25 25
182 6 25 25
182 7 25 25
182 8 25 25
182 12 50 50
183 4 25 25
183 5 25 25
183 6 25 25
183 7 25 25
183 8 25 25
183 13 50 50
184 4 25 25
184 5 25 25
184 6 25 25
184 7 25 25
184 8 25 25
184 9 50 50
185 4 25 25
185 5 25 25
185 6 25 25
185 7 25 25
185 8 25 25
185 10 50 50
186 4 25 25
186 5 25 25
186 6 25 25
186 7 25 25
186 8 25 25
186 11 50 50
187 4 25 25
187 5 25 25
187 6 25 25
187 7 25 25
187 8 25 25
187 12 50 50
188 4 25 25
188 5 25 25
188 6 25 25
188 7 25 25
188 8 25 25
188 13 50 50
189 4 25 25
189 5 25 25
189 6 25 25
189 7 25 25
189 8 25 25
189 9 50 50
190 4 25 25
190 5 25 25
190 6 25 25
190 7 25 25
190 8 25 25
190 10 50 50
191 4 25 25
191 5 25 25
191 6 25 25
191 7 25 25
191 8 25 25
191 11 50 50
192 4 25 25
192 5 25 25
192 6 25 25
192 7 25 25
192 8 25 25
192 12 50 50
193 4 25 25
193 5 25 25
193 6 25 25
193 7 25 25
193 8 25 25
193 13 50 50
194 4 25 25
194 5 25 25
194 6 25 25
194 7 25 25
194 8 25 25
194 9 50 50
195 4 25 25
195 5 25 25
195 6 25 25
195 7 25 25
195 8 25 25
195 10 50 50
196 4 25 25
196 5 25 25
196 6 25 25
196 7 25 25
196 8 25 25
196 11 50 50
197 4 25 25
197 5 25 25
197 6 25 25
197 7 25 25
197 8 25 25
197 12 50 50
198 4 25 25
198 5 25 25
198 6 25 25
198 7 25 25
198 8 25 25
198 13 50 50
199 4 25 25
199 5 25 25
199 6 25 25
199 7 25 25
199 8 25 25
199 9 50 50
200 4 25 25
200 5 25 25
200 6 25 25
200 7 25 25
200 8 25 25
200 10 50 50
201 4 25 25
201 5 25 25
201 6 25 25
201 7 25 25
201 8 25 25
201 11 50 50
202 4 25 25
202 5 25 25
202 6 25 25
202 7 25 25
202 8 25 25
202 12 50 50
203 4 25 25
203 5 25 25
203 6 25 25
203 7 25 25
203 8 25 25
203 13 50 50
204 4 25 25
204 5 25 25
204 6 25 25
204 7 25 25
204 8 25 25
204 9 50 50
205 4 25 25
205 5 25 25
205 6 25 25
205 7 25 25
205 8 25 25
205 10 50 50
206 4 25 25
206 5 25 25
206 6 25 25
206 7 25 25
206 8 25 25
206 11 50 50
207 4 25 25
207 5 25 25
207 6 25 25
207 7 25 25
207 8 25 25
207 12 50 50
208 4 25 25
208 5 25 25
208 6 25 25
208 7 25 25
208 8 25 25
208 13 50 50
209 4 25 25
209 5 25 25
209 6 25 25
209 7 25 25
209 8 25 25
209 9 50 50
210 4 25 25
210 5 25 25
210 6 25 25
210 7 25 25
210 8 25 25
210 10 50 50
211 4 25 25
211 5 25 25
211 6 25 25
211 7 25 25
211 8 25 25
211 11 50 50
212 4 25 25
212 5 25 25
212 6 25 25
212 7 25 25
212 8 25 25
212 12 50 50
213 4 25 25
213 5 25 25
213 6 25 25
213 7 25 25
213 8 25 25
213 13 50 50
214 4 25 25
214 5 25 25
214 6 25 25
214 7 25 25
214 8 25 25
214 9 50 50
215 4 25 25
215 5 25 25
215 6 25 25
215 7 25 25
215 8 25 25
215 10 50 50
216 4 25 25
216 5 25 25
216 6 25 25
216 7 25 25
216 8 25 25
216 11 50 50
217 4 25 25
217 5 25 25
217 6 25 25
217 7 25 25
217 8 25 25
217 12 50 50
218 4 25 25
218 5 25 25
218 6 25 25
218 7 25 25
218 8 25 25
218 13 50 50
219 4 25 25
219 5 25 25
219 6 25 25
219 7 25 25
219 8 25 25
219 9 50 50
220 4 25 25
220 5 25 25
220 6 25 25
220 7 25 25
220 8 25 25
220 10 50 50
221 4 25 25
221 5 25 25
221 6 25 25
221 7 25 25
221 8 25 25
221 11 50 50
222 4 25 25
222 5 25 25
222 6 25 25
222 7 25 25
222 8 25 25
222 12 50 50
223 4 25 25
223 5 25 25
223 6 25 25
223 7 25 25
223 8 25 25
223 13 50 50
224 4 25 25
224 5 25 25
224 6 25 25
224 7 25 25
224 8 25 25
224 9 50 50
225 4 25 25
225 5 25 25
225 6 25 25
225 7 25 25
225 8 25 25
225 10 50 50
226 4 25 25
226 5 25 25
226 6 25 25
226 7 25 25
226 8 25 25
226 11 50 50
227 4 25 25
227 5 25 25
227 6 25 25
227 7 25 25
227 8 25 25
227 12 50 50
228 4 25 25
228 5 25 25
228 6 25 25
228 7 25 25
228 8 25 25
228 13 50 50
229 4 25 25
229 5 25 25
229 6 25 25
229 7 25 25
229 8 25 25
229 9 50 50
230 4 25 25
230 5 25 25
230 6 25 25
230 7 25 25
230 8 25 25
230 10 50 50
231 4 25 25
231 5 25 25
231 6 25 25
231 7 25 25
231 8 25 25
231 11 50 50
232 4 25 25
232 5 25 25
232 6 25 25
232 7 25 25
232 8 25 25
232 12 50 50
233 4 25 25
233 5 25 25
233 6 25 25
233 7 25 25
233 8 25 25
233 13 50 50
234 4 25 25
234 5 25 25
234 6 25 25
234 7 25 25
234 8 25 25
234 9 50 50
235 4 25 25
235 5 25 25
235 6 25 25
235 7 25 25
235 8 25 25
235 10 50 50
236 4 25 25
236 5 25 25
236 6 25 25
236 7 25 25
236 8 25 25
236 11 50 50
237 4 25 25
237 5 25 25
237 6 25 25
237 7 25 25
237 8 25 25
237 12 50 50
238 4 25 25
238 5 25 25
238 6 25 25
238 7 25 25
238 8 25 25
238 13 50 50
239 4 25 25
239 5 25 25
239 6 25 25
239 7 25 25
239 8 25 25
239 9 50 50
240 4 25 25
240 5 25 25
240 6 25 25
240 7 25 25
240 8 25 25
240 10 50 50
240 11 50 50
240 12 50 50
241 4 25 25
241 5 25 25
241 6 25 25
241 7 25 25
241 8 25 25
241 13 50 50
241 9 50 50
241 12 50 50
242 4 25 25
242 5 25 25
242 6 25 25
242 7 25 25
242 8 25 25
242 12 50 50
243 4 25 25
243 5 25 25
243 6 25 25
243 7 25 25
243 8 25 25
244 4 25 25
244 5 25 25
244 6 25 25
244 7 25 25
244 8 25 25
245 4 25 25
245 5 25 25
245 6 25 25
245 7 25 25
245 8 25 25
246 4 25 25
246 5 25 25
246 6 25 25
246 7 25 25
246 8 25 25
247 4 25 25
247 5 25 25
247 6 25 25
247 7 25 25
247 8 25 25
248 4 25 25
248 5 25 25
248 6 25 25
248 7 25 25
248 8 25 25
249 4 25 25
249 5 25 25
249 6 25 25
249 7 25 25
249 8 25 25
250 4 25 25
250 5 25 25
250 6 25 25
250 7 25 25
250 8 25 25
251 4 25 25
251 5 25 25
251 6 25 25
251 7 25 25
251 8 25 25
252 4 25 25
252 5 25 25
252 6 25 25
252 7 25 25
252 8 25 25
253 4 25 25
253 5 25 25
253 6 25 25
253 7 25 25
253 8 25 25
254 4 25 25
254 5 25 25
254 6 25 25
254 7 25 25
254 8 25 25
255 4 25 25
255 5 25 25
255 6 25 25
255 7 25 25
255 8 25 25
256 4 25 25
256 5 25 25
256 6 25 25
256 7 25 25
256 8 25 25
257 4 25 25
257 5 25 25
257 6 25 25
257 7 25 25
257 8 25 25
258 4 25 25
258 5 25 25
258 6 25 25
258 7 25 25
258 8 25 25
259 4 25 25
259 5 25 25
259 6 25 25
259 7 25 25
259 8 25 25
260 4 25 25
260 5 25 25
260 6 25 25
260 7 25 25
260 8 25 25
261 4 25 25
261 5 25 25
261 6 25 25
261 7 25 25
261 8 25 25
262 4 25 25
262 5 25 25
262 6 25 25
262 7 25 25
262 8 25 25
263 4 25 25
263 5 25 25
263 6 25 25
263 7 25 25
263 8 25 25
264 4 25 25
264 5 25 25
264 6 25 25
264 7 25 25
264 8 25 25
265 4 25 25
265 5 25 25
265 6 25 25
265 7 25 25
265 8 25 25
266 4 25 25
266 5 25 25
266 6 25 25
266 7 25 25
266 8 25 25
267 4 25 25
267 5 25 25
267 6 25 25
267 7 25 25
267 8 25 25
268 4 25 25
268 5 25 25
268 6 25 25
268 7 25 25
268 8 25 25
269 4 25 25
269 5 25 25
269 6 25 25
269 7 25 25
269 8 25 25
270 4 25 25
270 5 25 25
270 6 25 25
270 7 25 25
270 8 25 25
271 6 25 25
271 4 25 25
271 5 25 25
271 7 25 25
271 8 25 25
272 4 25 25
272 5 25 25
272 6 25 25
272 7 25 25
272 8 25 25
273 4 25 25
273 5 25 25
273 6 25 25
273 7 25 25
273 8 25 25
274 4 25 25
274 5 25 25
274 6 25 25
274 7 25 25
274 8 25 25
275 4 25 25
275 5 25 25
275 6 25 25
275 7 25 25
275 8 25 25
276 4 25 25
276 5 25 25
276 6 25 25
276 7 25 25
276 8 25 25
277 4 25 25
277 5 25 25
277 6 25 25
277 7 25 25
277 8 25 25
278 4 25 25
278 5 25 25
278 6 25 25
278 7 25 25
278 8 25 25
279 4 25 25
279 5 25 25
279 6 25 25
279 7 25 25
279 8 25 25
280 4 25 25
280 5 25 25
280 6 25 25
280 7 25 25
280 8 25 25
281 4 25 25
281 5 25 25
281 6 25 25
281 7 25 25
281 8 25 25
282 4 25 25
282 5 25 25
282 6 25 25
282 7 25 25
282 8 25 25
283 4 25 25
283 5 25 25
283 6 25 25
283 7 25 25
283 8 25 25
284 4 25 25
284 5 25 25
284 6 25 25
284 7 25 25
284 8 25 25
285 4 25 25
285 5 25 25
285 6 25 25
285 7 25 25
285 8 25 25
286 4 25 25
286 5 25 25
286 6 25 25
286 7 25 25
286 8 25 25
287 4 25 25
287 5 25 25
287 6 25 25
287 7 25 25
287 8 25 25
288 4 25 25
288 5 25 25
288 6 25 25
288 7 25 25
288 8 25 25
289 4 25 25
289 5 25 25
289 6 25 25
289 7 25 25
289 8 25 25
290 4 25 25
290 5 25 25
290 6 25 25
290 7 25 25
290 8 25 25
291 4 25 25
291 5 25 25
291 6 25 25
291 7 25 25
291 8 25 25
292 4 25 25
292 5 25 25
292 6 25 25
292 7 25 25
292 8 25 25
293 4 25 25
293 5 25 25
293 6 25 25
293 7 25 25
293 8 25 25
294 4 25 25
294 5 25 25
294 6 25 25
294 7 25 25
294 8 25 25
295 4 25 25
295 5 25 25
295 6 25 25
295 7 25 25
295 8 25 25
296 4 25 25
296 5 25 25
296 6 25 25
296 7 25 25
296 8 25 25
297 4 25 25
297 5 25 25
297 6 25 25
297 7 25 25
297 8 25 25
298 4 25 25
298 5 25 25
298 6 25 25
298 7 25 25
298 8 25 25
299 4 25 25
299 5 25 25
299 6 25 25
299 7 25 25
299 8 25 25
300 4 25 25
300 5 25 25
300 6 25 25
300 7 25 25
300 8 25 25
301 4 25 25
301 5 25 25
301 6 25 25
301 7 25 25
301 8 25 25
302 4 25 25
302 5 25 25
302 6 25 25
302 7 25 25
302 8 25 25
303 4 25 25
303 5 25 25
303 6 25 25
303 7 25 25
303 8 25 25
304 4 25 25
304 5 25 25
304 6 25 25
304 7 25 25
304 8 25 25
305 4 25 25
305 5 25 25
305 6 25 25
305 7 25 25
305 8 25 25
306 4 25 25
306 5 25 25
306 6 25 25
306 7 25 25
306 8 25 25
307 4 25 25
307 5 25 25
307 6 25 25
307 7 25 25
307 8 25 25
308 4 25 25
308 5 25 25
308 6 25 25
308 7 25 25
308 8 25 25
309 4 25 25
309 5 25 25
309 6 25 25
309 7 25 25
309 8 25 25
310 4 25 25
310 5 25 25
310 6 25 25
310 7 25 25
310 8 25 25
311 4 25 25
311 5 25 25
311 6 25 25
311 7 25 25
311 8 25 25
312 4 25 25
312 5 25 25
312 6 25 25
312 7 25 25
312 8 25 25
313 4 25 25
313 5 25 25
313 6 25 25
313 7 25 25
313 8 25 25
314 5 25 25
314 4 25 25
314 6 25 25
314 7 25 25
314 8 25 25
315 4 25 25
315 5 25 25
315 6 25 25
315 7 25 25
315 8 25 25
316 4 25 25
316 5 25 25
316 6 25 25
316 7 25 25
316 8 25 25
317 4 25 25
317 5 25 25
317 6 25 25
317 7 25 25
317 8 25 25
318 4 25 25
318 5 25 25
318 6 25 25
318 7 25 25
318 8 25 25
319 4 25 25
319 5 25 25
319 6 25 25
319 7 25 25
319 8 25 25